 -0.483604644671012       0.000000000000000E+000 -2.961224400745743E-017
  0.644601250196988       0.000000000000000E+000  3.947044288900615E-017
 -2.961224400745743E-017  0.483604644671012        15.0000000000000     
  3.947044288900615E-017 -0.644601250196988        15.0000000000000     
 
 -0.483604644671012       0.000000000000000E+000 -2.961224400745743E-017
  0.644601250196988       0.000000000000000E+000  3.947044288900615E-017
 -0.483604644671012       0.000000000000000E+000   3.10000000000000     
  0.644601250196988       0.000000000000000E+000   3.10000000000000     
 
 -0.483604644671012       0.000000000000000E+000 -2.961224400745743E-017
  0.644601250196988       0.000000000000000E+000  3.947044288900615E-017
 -0.483604644671012       0.000000000000000E+000   3.25789473684211     
  0.644601250196988       0.000000000000000E+000   3.25789473684211     
 
 -0.483604644671012       0.000000000000000E+000 -2.961224400745743E-017
  0.644601250196988       0.000000000000000E+000  3.947044288900615E-017
 -0.483604644671012       0.000000000000000E+000   3.41578947368421     
  0.644601250196988       0.000000000000000E+000   3.41578947368421     
 
 -0.483604644671012       0.000000000000000E+000 -2.961224400745743E-017
  0.644601250196988       0.000000000000000E+000  3.947044288900615E-017
 -0.483604644671012       0.000000000000000E+000   3.57368421052632     
  0.644601250196988       0.000000000000000E+000   3.57368421052632     
 
 -0.483604644671012       0.000000000000000E+000 -2.961224400745743E-017
  0.644601250196988       0.000000000000000E+000  3.947044288900615E-017
 -0.483604644671012       0.000000000000000E+000   3.73157894736842     
  0.644601250196988       0.000000000000000E+000   3.73157894736842     
 
 -0.483604644671012       0.000000000000000E+000 -2.961224400745743E-017
  0.644601250196988       0.000000000000000E+000  3.947044288900615E-017
 -0.483604644671012       0.000000000000000E+000   3.88947368421053     
  0.644601250196988       0.000000000000000E+000   3.88947368421053     
 
 -0.483604644671012       0.000000000000000E+000 -2.961224400745743E-017
  0.644601250196988       0.000000000000000E+000  3.947044288900615E-017
 -0.483604644671012       0.000000000000000E+000   4.04736842105263     
  0.644601250196988       0.000000000000000E+000   4.04736842105263     
 
 -0.483604644671012       0.000000000000000E+000 -2.961224400745743E-017
  0.644601250196988       0.000000000000000E+000  3.947044288900615E-017
 -0.483604644671012       0.000000000000000E+000   4.20526315789474     
  0.644601250196988       0.000000000000000E+000   4.20526315789474     
 
 -0.483604644671012       0.000000000000000E+000 -2.961224400745743E-017
  0.644601250196988       0.000000000000000E+000  3.947044288900615E-017
 -0.483604644671012       0.000000000000000E+000   4.36315789473684     
  0.644601250196988       0.000000000000000E+000   4.36315789473684     
 
 -0.483604644671012       0.000000000000000E+000 -2.961224400745743E-017
  0.644601250196988       0.000000000000000E+000  3.947044288900615E-017
 -0.483604644671012       0.000000000000000E+000   4.52105263157895     
  0.644601250196988       0.000000000000000E+000   4.52105263157895     
 
 -0.483604644671012       0.000000000000000E+000 -2.961224400745743E-017
  0.644601250196988       0.000000000000000E+000  3.947044288900615E-017
 -0.483604644671012       0.000000000000000E+000   4.67894736842105     
  0.644601250196988       0.000000000000000E+000   4.67894736842105     
 
 -0.483604644671012       0.000000000000000E+000 -2.961224400745743E-017
  0.644601250196988       0.000000000000000E+000  3.947044288900615E-017
 -0.483604644671012       0.000000000000000E+000   4.83684210526316     
  0.644601250196988       0.000000000000000E+000   4.83684210526316     
 
 -0.483604644671012       0.000000000000000E+000 -2.961224400745743E-017
  0.644601250196988       0.000000000000000E+000  3.947044288900615E-017
 -0.483604644671012       0.000000000000000E+000   4.99473684210526     
  0.644601250196988       0.000000000000000E+000   4.99473684210526     
 
 -0.483604644671012       0.000000000000000E+000 -2.961224400745743E-017
  0.644601250196988       0.000000000000000E+000  3.947044288900615E-017
 -0.483604644671012       0.000000000000000E+000   5.15263157894737     
  0.644601250196988       0.000000000000000E+000   5.15263157894737     
 
 -0.483604644671012       0.000000000000000E+000 -2.961224400745743E-017
  0.644601250196988       0.000000000000000E+000  3.947044288900615E-017
 -0.483604644671012       0.000000000000000E+000   5.31052631578947     
  0.644601250196988       0.000000000000000E+000   5.31052631578947     
 
 -0.483604644671012       0.000000000000000E+000 -2.961224400745743E-017
  0.644601250196988       0.000000000000000E+000  3.947044288900615E-017
 -0.483604644671012       0.000000000000000E+000   5.46842105263158     
  0.644601250196988       0.000000000000000E+000   5.46842105263158     
 
 -0.483604644671012       0.000000000000000E+000 -2.961224400745743E-017
  0.644601250196988       0.000000000000000E+000  3.947044288900615E-017
 -0.483604644671012       0.000000000000000E+000   5.62631578947368     
  0.644601250196988       0.000000000000000E+000   5.62631578947368     
 
 -0.483604644671012       0.000000000000000E+000 -2.961224400745743E-017
  0.644601250196988       0.000000000000000E+000  3.947044288900615E-017
 -0.483604644671012       0.000000000000000E+000   5.78421052631579     
  0.644601250196988       0.000000000000000E+000   5.78421052631579     
 
 -0.483604644671012       0.000000000000000E+000 -2.961224400745743E-017
  0.644601250196988       0.000000000000000E+000  3.947044288900615E-017
 -0.483604644671012       0.000000000000000E+000   5.94210526315790     
  0.644601250196988       0.000000000000000E+000   5.94210526315790     
 
 -0.483604644671012       0.000000000000000E+000 -2.961224400745743E-017
  0.644601250196988       0.000000000000000E+000  3.947044288900615E-017
 -0.483604644671012       0.000000000000000E+000   6.10000000000000     
  0.644601250196988       0.000000000000000E+000   6.10000000000000     
 
