   3.10000000000000       0.000000000000000E+000  0.000000000000000E+000
  0.000000000000000E+000
 
   3.25789473684211       0.000000000000000E+000  0.000000000000000E+000
  0.000000000000000E+000
 
   3.41578947368421       0.000000000000000E+000  0.000000000000000E+000
  0.000000000000000E+000
 
   3.57368421052632       0.000000000000000E+000  0.000000000000000E+000
  0.000000000000000E+000
 
   3.73157894736842       0.000000000000000E+000  0.000000000000000E+000
  0.000000000000000E+000
 
   3.88947368421053       0.000000000000000E+000  0.000000000000000E+000
  0.000000000000000E+000
 
   4.04736842105263       0.000000000000000E+000  0.000000000000000E+000
  0.000000000000000E+000
 
   4.20526315789474       0.000000000000000E+000  0.000000000000000E+000
  0.000000000000000E+000
 
   4.36315789473684       0.000000000000000E+000  0.000000000000000E+000
  0.000000000000000E+000
 
   4.52105263157895       0.000000000000000E+000  0.000000000000000E+000
  0.000000000000000E+000
 
   4.67894736842105       0.000000000000000E+000  0.000000000000000E+000
  0.000000000000000E+000
 
   4.83684210526316       0.000000000000000E+000  0.000000000000000E+000
  0.000000000000000E+000
 
   4.99473684210526       0.000000000000000E+000  0.000000000000000E+000
  0.000000000000000E+000
 
   5.15263157894737       0.000000000000000E+000  0.000000000000000E+000
  0.000000000000000E+000
 
   5.31052631578947       0.000000000000000E+000  0.000000000000000E+000
  0.000000000000000E+000
 
   5.46842105263158       0.000000000000000E+000  0.000000000000000E+000
  0.000000000000000E+000
 
   5.62631578947368       0.000000000000000E+000  0.000000000000000E+000
  0.000000000000000E+000
 
   5.78421052631579       0.000000000000000E+000  0.000000000000000E+000
  0.000000000000000E+000
 
   5.94210526315790       0.000000000000000E+000  0.000000000000000E+000
  0.000000000000000E+000
 
   6.10000000000000       0.000000000000000E+000  0.000000000000000E+000
  0.000000000000000E+000
 
