   3.10000000000000        246.730613496139     
   3.25789473684211        79.7488694800866     
   3.41578947368421       -3.07312727829897     
   3.57368421052632       -39.5149831714419     
   3.73157894736842       -51.7965181140212     
   3.88947368421053       -51.9071495987533     
   4.04736842105263       -46.5437551511002     
   4.20526315789474       -39.2777226143662     
   4.36315789473684       -32.0438096791328     
   4.52105263157895       -25.5998527374211     
   4.67894736842105       -20.1569743944700     
   4.83684210526316       -15.7101265376594     
   4.99473684210526       -12.1634133789464     
   5.15263157894737       -9.32435120353247     
   5.31052631578947       -7.05825889903056     
   5.46842105263158       -5.30727879534109     
   5.62631578947368       -3.99806755590975     
   5.78421052631579       -3.00105056719081     
   5.94210526315790       -2.17804291349397     
   6.10000000000000       -1.50086691160658     
